0	2.66027	0	3.23071
2.00E-06	3.28386	2.00E-06	3.75928
4.00E-06	3.81726	4.00E-06	4.18736
6.00E-06	4.24985	6.00E-06	4.50721
8.00E-06	4.57163	8.00E-06	4.71014
1.00E-05	4.77424	1.00E-05	4.78455
1.20E-05	4.84639	1.20E-05	4.73397
1.40E-05	4.79421	1.40E-05	4.55843
1.60E-05	4.61029	1.60E-05	4.2637
1.80E-05	4.31105	1.80E-05	3.85076
2.00E-05	3.89521	2.00E-05	3.34313
2.20E-05	3.37566	2.20E-05	2.74434
2.40E-05	2.76592	2.40E-05	2.07179
2.60E-05	2.08307	2.60E-05	1.34642
2.80E-05	1.34739	2.80E-05	0.583051
3.00E-05	0.570811	3.00E-05	-0.199002
3.20E-05	-0.210276	3.20E-05	-0.96817
3.40E-05	-0.999091	3.40E-05	-1.71608
3.60E-05	-1.75441	3.60E-05	-2.42147
3.80E-05	-2.46946	3.80E-05	-3.06695
4.00E-05	-3.12139	4.00E-05	-3.62966
4.20E-05	-3.68989	4.20E-05	-4.10024
4.40E-05	-4.16627	4.40E-05	-4.46357
4.60E-05	-4.53089	4.60E-05	-4.71223
4.80E-05	-4.7789	4.80E-05	-4.83591
5.00E-05	-4.90549	5.00E-05	-4.83623
5.20E-05	-4.90001	5.20E-05	-4.70611
5.40E-05	-4.76731	5.40E-05	-4.45551
5.60E-05	-4.5093	5.60E-05	-4.08671
5.80E-05	-4.13664	5.80E-05	-3.61613
6.00E-05	-3.65478	6.00E-05	-3.04859
6.20E-05	-3.07565	6.20E-05	-2.40182
6.40E-05	-2.42244	6.40E-05	-1.69353
6.60E-05	-1.70223	6.60E-05	-0.942402
6.80E-05	-0.940792	6.80E-05	-0.166793
7.00E-05	-0.153909	7.00E-05	0.612039
7.20E-05	0.63201	7.20E-05	1.36962
7.40E-05	1.40279	7.40E-05	2.09659
7.60E-05	2.13686	7.60E-05	2.76721
7.80E-05	2.81746	7.80E-05	3.36342
8.00E-05	3.41818	8.00E-05	3.87138
8.20E-05	3.93032	8.20E-05	4.27497
8.40E-05	4.34036	8.40E-05	4.56616
8.60E-05	4.63251	8.60E-05	4.73881
8.80E-05	4.80355	8.80E-05	4.78197
9.00E-05	4.84929	9.00E-05	4.70273
9.20E-05	4.76168	9.20E-05	4.4969
9.40E-05	4.5507	9.40E-05	4.17544
9.60E-05	4.21925	9.60E-05	3.73899
9.80E-05	3.77475	9.80E-05	3.20559
1.00E-04	3.23458	1.00E-04	2.5907
0.000102	2.60873	0.000102	1.90205
0.000104	1.91074	0.000104	1.16251
0.000106	1.16186	0.000106	0.39559
0.000108	0.384316	0.000108	-0.382598
0.00011	-0.400635	0.00011	-1.14919
0.000112	-1.18365	0.000112	-1.89194
0.000114	-1.93221	0.000114	-2.58252
0.000116	-2.63309	0.000116	-3.20932
0.000118	-3.26472	0.000118	-3.75302
0.00012	-3.81551	0.00012	-4.19655
0.000122	-4.26354	0.000122	-4.53443
0.000124	-4.60465	0.000124	-4.75152
0.000126	-4.82367	0.000126	-4.84847
0.000128	-4.91773	0.000128	-4.81401
0.00013	-4.88101	0.00013	-4.65779
0.000132	-4.71706	0.000132	-4.3795
0.000134	-4.432	0.000134	-3.98364
0.000136	-4.02906	0.000136	-3.48536
0.000138	-3.52401	0.000138	-2.89624
0.00014	-2.92781	0.00014	-2.23498
0.000142	-2.25334	0.000142	-1.51541
0.000144	-1.5225	0.000144	-0.758807
0.000146	-0.753653	0.000146	0.0219564
0.000148	0.0316193	0.000148	0.792736
0.00015	0.818182	0.00015	1.54741
0.000152	1.58317	0.000152	2.26087
0.000154	2.30693	0.000154	2.91699
0.000156	2.96852	0.000156	3.49484
0.000158	3.55249	0.000158	3.97574
0.00016	4.03823	0.00016	4.35486
0.000162	4.42024	0.000162	4.61769
0.000164	4.68598	0.000164	4.75717
0.000166	4.82384	0.000166	4.77392
0.000168	4.83769	0.000168	4.66279
0.00017	4.72077	0.00017	4.42862
0.000172	4.48241	0.000172	4.07752
0.000174	4.12326	0.000174	3.61917
0.000176	3.65524	0.000176	3.06644
0.000178	3.09382	0.000178	2.42932
0.00018	2.44704	0.00018	1.7265
0.000182	1.73616	0.000182	0.981808
0.000184	0.977299	0.000184	0.208129
0.000186	0.193634	0.000186	-0.566193
0.000188	-0.591639	0.000188	-1.33311
0.00019	-1.36403	0.00019	-2.06201
0.000192	-2.10646	0.000192	-2.74196
0.000194	-2.7922	0.000194	-3.34363
0.000196	-3.40354	0.000196	-3.86479
0.000198	-3.93211	0.000198	-4.28673
0.0002	-4.35534	0.0002	-4.59949
0.000202	-4.66649	0.000202	-4.78534
0.000204	-4.85524	0.000204	-4.85427
0.000206	-4.91966	0.000206	-4.79082
0.000208	-4.85266	0.000208	-4.60014
0.00021	-4.65779	0.00021	-4.28931
0.000212	-4.3431	0.000212	-3.87091
0.000214	-3.92212	0.000214	-3.35458
0.000216	-3.38808	0.000216	-2.74647
0.000218	-2.77417	0.000218	-2.07071
0.00022	-2.0852	0.00022	-1.3389
0.000222	-1.34084	0.000222	-0.56877
0.000224	-0.563294	0.000224	0.207807
0.000226	0.224556	0.000226	0.976333
0.000228	1.00403	0.000228	1.72618
0.00023	1.76225	0.00023	2.42417
0.000232	2.46959	0.000232	3.06161
0.000234	3.11637	0.000234	3.62078
0.000236	3.67715	0.000236	4.07881
0.000238	4.14001	0.000238	4.42797
0.00024	4.49497	0.00024	4.66343
0.000242	4.73011	0.000242	4.77327
0.000244	4.83866	0.000244	4.76135
0.000246	4.81998	0.000246	4.61834
0.000248	4.67406	0.000248	4.35292
0.00025	4.40704	0.00025	3.9767
0.000252	4.02019	0.000252	3.49033
0.000254	3.5293	0.000254	2.9186
0.000256	2.94501	0.000256	2.26505
0.000258	2.28116	0.000258	1.55096
0.00026	1.55514	0.00026	0.795635
0.000262	0.789515	0.000262	0.0197017
0.000264	0.00424107	0.000264	-0.752043
0.000266	-0.779421	0.000266	-1.51155
0.000268	-1.55052	0.000268	-2.22886
0.00027	-2.27653	0.00027	-2.89366
0.000272	-2.94842	0.000272	-3.48181
0.000274	-3.54269	0.000274	-3.97752
0.000276	-4.04291	0.000276	-4.37273
0.000278	-4.44327	0.000278	-4.65393
0.00028	-4.72221	0.00028	-4.81304
0.000282	-4.88455	0.000282	-4.85008
0.000284	-4.91354	0.000284	-4.75603
0.000286	-4.81401	0.000286	-4.53958
0.000288	-4.59434	0.000288	-4.2017
0.00029	-4.25259	0.00029	-3.75527
0.000292	-3.79908	0.000292	-3.21544
0.000294	-3.24604	0.000294	-2.59089
0.000296	-2.61022	0.000296	-1.8942
0.000298	-1.90805	0.000298	-1.15402
0.0003	-1.1566	0.0003	-0.38453
0.000302	-0.373579	0.000302	0.389792
0.000304	0.41105	0.000304	1.16122
0.000306	1.19149	0.000306	1.89754
0.000308	1.93715	0.000308	2.58458
0.00031	2.63515	0.00031	3.20462
0.000312	3.25809	0.000312	3.73835
0.000314	3.79761	0.000314	4.16965
0.000316	4.23664	0.000316	4.49852
0.000318	4.56326	0.000318	4.70305
0.00032	4.76715	0.00032	4.78487
0.000322	4.84768	0.000322	4.73623
0.000324	4.79646	0.000324	4.5668
0.000326	4.62188	0.000326	4.2724
0.000328	4.32458	0.000328	3.86751
0.00033	3.91293	0.00033	3.36181
0.000332	3.39499	0.000332	2.76721
0.000334	2.79008	0.000334	2.09853
0.000336	2.11302	0.000336	1.37541
0.000338	1.3767	0.000338	0.609141
0.00034	0.603665	0.00034	-0.167759
0.000342	-0.182897	0.000342	-0.93596
0.000344	-0.966559	0.000344	-1.68773
0.000346	-1.72864	0.000346	-2.39699
0.000348	-2.44434	0.000348	-3.04344
0.00035	-3.09884	0.00035	-3.61033
0.000352	-3.67088	0.000352	-4.08349
0.000354	-4.14855	0.000354	-4.45165
0.000356	-4.52058	0.000356	-4.70289
0.000358	-4.77407	0.000358	-4.83398
0.00036	-4.9042	0.00036	-4.83656
0.000362	-4.90226	0.000362	-4.7148
0.000364	-4.77471	0.000364	-4.46775
0.000366	-4.52187	0.000366	-4.10539
0.000368	-4.15274	0.000368	-3.63384
0.00037	-3.67507	0.00037	-3.06921
0.000372	-3.10013	0.000372	-2.4263
0.000374	-2.45046	0.000374	-1.7222
0.000376	-1.73057	0.000376	-0.970103
0.000378	-0.971713	0.000378	-0.195781
0.00038	-0.183542	0.00038	0.582406
0.000382	0.600122	0.000382	1.34095
0.000384	1.37638	0.000384	2.06857
0.000386	2.11302	0.000386	2.74144
0.000388	2.78879	0.000388	3.34184
0.00039	3.39917	0.00039	3.85334
0.000392	3.91293	0.000392	4.26048
0.000394	4.32587	0.000394	4.55875
0.000396	4.62124	0.000396	4.73204
0.000398	4.79775	0.000398	4.78197
0.0004	4.84832	0.0004	4.70563
0.000402	4.76619	0.000402	4.50689
0.000404	4.56197	0.000404	4.18897
0.000406	4.23535	0.000406	3.75671
0.000408	3.79246	0.000408	3.2291
0.00041	3.25874	0.00041	2.61389
0.000412	2.63321	0.000412	1.92814
0.000414	1.93844	0.000414	1.19149
0.000416	1.19214	0.000416	0.422968
0.000418	0.413627	0.000418	-0.355542
0.00042	-0.371324	0.00042	-1.12117
0.000422	-1.15466	0.000422	-1.86714
0.000424	-1.90354	0.000424	-2.55739
0.000426	-2.60571	0.000426	-3.18838
0.000428	-3.24314	0.000428	-3.73305
0.00043	-3.79393	0.00043	-4.17948
0.000432	-4.25002	0.000432	-4.52315
0.000434	-4.59369	0.000434	-4.74669
0.000436	-4.81594	0.000436	-4.84493
0.000438	-4.9145	0.000438	-4.8211
0.00044	-4.88519	0.00044	-4.66423
0.000442	-4.72511	0.000442	-4.38884
0.000444	-4.44778	0.000444	-4.00329
0.000446	-4.04355	0.000446	-3.50822
0.000448	-3.54623	0.000448	-2.92201
0.00045	-2.94971	0.00045	-2.25978
0.000452	-2.28104	0.000452	-1.54537
0.000454	-1.55245	0.000454	-0.787152
0.000456	-0.782642	0.000456	-0.00799863
0.000458	0.00198639	0.000458	0.76407
0.00046	0.789515	0.00046	1.51971
0.000462	1.5545	0.000462	2.23864
0.000464	2.28084	0.000464	2.89444
0.000466	2.94855	0.000466	3.47422
0.000468	3.5293	0.000468	3.95738
0.00047	4.02148	0.00047	4.34165
0.000472	4.40704	0.000472	4.61093
0.000474	4.67503	0.000474	4.7562
0.000476	4.8232	0.000476	4.77778
0.000478	4.83963	0.000478	4.67116
0.00048	4.72882	0.00048	4.43925
0.000482	4.49336	0.000482	4.0917
0.000484	4.1384	0.000484	3.63721
0.000486	3.67522	0.000486	3.0877
0.000488	3.11669	0.000488	2.45477
0.00049	2.47281	0.00049	1.75549
0.000492	1.76386	0.000492	1.01209
0.000494	1.005	0.000494	0.234863
0.000496	0.221335	0.000496	-0.53656
0.000498	-0.559751	0.000498	-1.30315
0.0005	-1.33633	0.0005	-2.03624
0.000502	-2.07876	0.000502	-2.71651
0.000504	-2.77062	0.000504	-3.32431
0.000506	-3.3839	0.000506	-3.84965
0.000508	-3.91503	0.000508	-4.27385
0.00051	-4.33988	0.00051	-4.585
0.000512	-4.6594	0.000512	-4.78212
0.000514	-4.85492	0.000514	-4.84976
0.000516	-4.91934	0.000516	-4.79533
0.000518	-4.85782	0.000518	-4.60915
0.00052	-4.66745	0.00052	-4.30542
0.000522	-4.35985	0.000522	-3.88991
0.000524	-3.93629	0.000524	-3.37488
0.000526	-3.40902	0.000526	-2.76998
0.000528	-2.79446	0.000528	-2.09744
0.00053	-2.11032	0.00053	-1.36242
0.000532	-1.36725	0.000532	-0.600335
0.000534	-0.595826	0.000534	0.178496
0.000536	0.194923	0.000536	0.947666
0.000538	0.977299	0.000538	1.69848
0.00054	1.73584	0.00054	2.40001
0.000542	2.44382	0.000542	3.04099
0.000544	3.09414	0.000544	3.59952
0.000546	3.65589	0.000546	4.06174
0.000548	4.12391	0.000548	4.41831
0.00055	4.48305	0.00055	4.65828
0.000552	4.72463	0.000552	4.7752
0.000554	4.83576	0.000554	4.76393
0.000556	4.82352	0.000556	4.62607
0.000558	4.68373	0.000558	4.36871
0.00056	4.41863	0.00056	3.9912
0.000562	4.03501	0.000562	3.5132
0.000564	3.54863	0.000564	2.94211
0.000566	2.96852	0.000566	2.2934
0.000568	2.30499	0.000568	1.57962
0.00057	1.58349	0.00057	0.82559
0.000572	0.821725	0.000572	0.0499789
0.000574	0.0319414	0.000574	-0.723054
0.000576	-0.750755	0.000576	-1.48385
0.000578	-1.51767	0.000578	-2.20438
0.00058	-2.2485	0.00058	-2.86951
0.000582	-2.92587	0.000582	-3.46023
0.000584	-3.51885	0.000584	-3.96045
0.000586	-4.02326	0.000586	-4.35985
0.000588	-4.42878	0.000588	-4.6462
0.00059	-4.71674	0.00059	-4.81175
0.000592	-4.87779	0.000592	-4.84622
0.000594	-4.91644	0.000594	-4.75957
0.000596	-4.82464	0.000596	-4.54828
0.000598	-4.60561	0.000598	-4.21909
0.0006	-4.26773	0.0006	-3.77363
0.000602	-3.81937	0.000602	-3.23605
0.000604	-3.26762	0.000604	-2.61344
0.000606	-2.63824	0.000606	-1.92351
0.000608	-1.93607	0.000608	-1.18462
0.00061	-1.18623	0.00061	-0.412875
0.000612	-0.403856	0.000612	0.362091
0.000614	0.382062	0.000614	1.13094
0.000616	1.15928	0.000616	1.86951
0.000618	1.90978	0.000618	2.5601
0.00062	2.61002	0.00062	3.18272
0.000622	3.23522	0.000622	3.71773
0.000624	3.77732	0.000624	4.15902
0.000626	4.22022	0.000626	4.48692
0.000628	4.55488	0.000628	4.69887
0.00063	4.76135	0.00063	4.78132
0.000632	4.84768	0.000632	4.73913
0.000634	4.80258	0.000634	4.57421
0.000636	4.63187	0.000636	4.28689
0.000638	4.33553	0.000638	3.88652
0.00064	3.93032	0.00064	3.38403
0.000642	3.41947	0.000642	2.79298
0.000644	2.81778	0.000644	2.12526
0.000646	2.13814	0.000646	1.40247
0.000648	1.40376	0.000648	0.640062
0.00065	0.630721	0.00065	-0.13716
0.000652	-0.151654	0.000652	-0.907294
0.000654	-0.936927	0.000654	-1.66132
0.000656	-1.70062	0.000656	-2.37219
0.000658	-2.41986	0.000658	-3.01896
0.00066	-3.07372	0.00066	-3.59133
0.000662	-3.65285	0.000662	-4.06964
0.000664	-4.13116	0.000664	-4.43748
0.000666	-4.50673	0.000666	-4.6958
0.000668	-4.76569	0.000668	-4.82883
0.00067	-4.89776	0.00067	-4.8372
0.000672	-4.90323	0.000672	-4.7206
0.000674	-4.77987	0.000674	-4.47838
0.000676	-4.53507	0.000676	-4.11989
0.000678	-4.16788	0.000678	-3.65478
0.00068	-3.69311	0.00068	-3.09433
0.000682	-3.12267	0.000682	-2.454
0.000684	-2.47784	0.000684	-1.74861
0.000686	-1.76053	0.000686	-0.997803
0.000688	-1.00006	0.000688	-0.226059
0.00069	-0.215107	0.00069	0.551163
0.000692	0.569522	0.000692	1.31421
0.000694	1.34739	0.000694	2.04184
0.000696	2.08274	0.000696	2.71728
0.000698	2.76656	0.000698	3.31994
0.0007	3.37598	0.0007	3.83272
0.000702	3.89489	0.000702	4.24534
0.000704	4.31008	0.000704	4.54683
0.000706	4.61157	0.000706	4.72753
0.000708	4.7926	0.000708	4.78294
0.00071	4.84929	0.00071	4.71111
0.000712	4.7707	0.000712	4.51816
0.000714	4.57099	0.000714	4.20347
0.000716	4.24985	0.000716	3.77346
0.000718	3.81404	0.000718	3.25101
0.00072	3.28096	0.00072	2.63901
0.000722	2.66027	0.000722	1.95551
0.000724	1.96743	0.000724	1.21919
0.000726	1.22177	0.000726	0.456144
0.000728	0.442294	0.000728	-0.327197
0.00073	-0.34298	0.00073	-1.09186
0.000732	-1.1231	0.000732	-1.8359
0.000734	-1.87584	0.000734	-2.53324
0.000736	-2.58284	0.000736	-3.16358
0.000738	-3.21898	0.000738	-3.71243
0.00074	-3.77331	0.00074	-4.16595
0.000742	-4.2352	0.000742	-4.51124
0.000744	-4.57984	0.000744	-4.74154
0.000746	-4.81014	0.000746	-4.84461
0.000748	-4.91386	0.000748	-4.82271
0.00075	-4.88745	0.00075	-4.67712
0.000752	-4.73574	0.000752	-4.40462
0.000754	-4.45777	0.000754	-4.01778
0.000756	-4.06384	0.000756	-3.52948
0.000758	-3.56556	0.000758	-2.94649
0.00076	-2.9758	0.00076	-2.29005
0.000762	-2.30713	0.000762	-1.57178
0.000764	-1.5808	0.000764	-0.81614
0.000766	-0.809698	0.000766	-0.0360211
0.000768	-0.0282908	0.000768	0.737336
0.00077	0.756984	0.00077	1.48944
0.000772	1.52712	0.000772	2.21094
0.000774	2.25475	0.000774	2.8706
0.000776	2.92021	0.000776	3.45168
0.000778	3.50965	0.000778	3.94256
0.00078	4.00537	0.00078	4.32973
0.000782	4.39383	0.000782	4.6032
0.000784	4.66665	0.000784	4.75362
0.000786	4.81611	0.000786	4.781
0.000788	4.83834	0.000788	4.67664
0.00079	4.73494	0.00079	4.45278
0.000792	4.50302	0.000792	4.10973
0.000794	4.15483	0.000794	3.65879
0.000796	3.6939	0.000796	3.10896
0.000798	3.13891	0.000798	2.48054
0.0008	2.50051	0.0008	1.78383
0.000802	1.7877	0.000802	1.03753
0.000804	1.03431	0.000804	0.268361
0.000806	0.2529	0.000806	-0.507571
0.000808	-0.529152	0.000808	-1.27416
0.00081	-1.30863	0.00081	-2.00758
0.000812	-2.05138	0.000812	-2.69203
0.000814	-2.74131	0.000814	-3.3024
0.000816	-3.36328	0.000816	-3.83322
0.000818	-3.89506	0.000818	-4.26097
0.00082	-4.3241	0.00082	-4.5763
0.000822	-4.64813	0.000822	-4.77632
0.000824	-4.8459	0.000824	-4.84912
0.000826	-4.92062	0.000826	-4.79662
0.000828	-4.86297	0.000828	-4.62365
0.00083	-4.67841	0.00083	-4.32056
0.000832	-4.37177	0.000832	-3.90891
0.000834	-3.95014	0.000834	-3.39452
0.000836	-3.43446	0.000836	-2.79736
0.000838	-2.82248	0.000838	-2.12224
0.00084	-2.13931	0.00084	-1.39173
0.000842	-1.3972	0.000842	-0.629324
0.000844	-0.626103	0.000844	0.147897
0.000846	0.159814	0.000846	0.919321
0.000848	0.947666	0.000848	1.67174
0.00085	1.70524	0.00085	2.37489
0.000852	2.42192	0.000852	3.01877
0.000854	3.07063	0.000854	3.57891
0.000856	3.63688	0.000856	4.04692
0.000858	4.10748	0.000858	4.40865
0.00086	4.47146	0.00086	4.65119
0.000862	4.71658	0.000862	4.77037
0.000864	4.83898	0.000864	4.7649
0.000866	4.82545	0.000866	4.6338
0.000868	4.69049	0.000868	4.37966
0.00087	4.42991	0.00087	4.0102
0.000872	4.05337	0.000872	3.53381
0.000874	3.57214	0.000874	2.96659
0.000876	2.99365	0.000876	2.31723
0.000878	2.33237	0.000878	1.60861
0.00088	1.61473	0.00088	0.854257
0.000882	0.849426	0.000882	0.079934
0.000884	0.060286	0.000884	-0.694066
0.000886	-0.7208	0.000886	-1.45615
0.000888	-1.49222	0.000888	-2.17635
0.00089	-2.22338	0.00089	-2.84503
0.000892	-2.89785	0.000892	-3.43769
0.000894	-3.49663	0.000894	-3.9437
0.000896	-4.01037	0.000896	-4.34761
0.000898	-4.41654	0.000898	-4.6346
0.0009	-4.70772	0.0009	-4.80692
0.000902	-4.87585	0.000902	-4.84783
0.000904	-4.92062	0.000904	-4.76505
0.000906	-4.82979	0.000906	-4.55859
0.000908	-4.61624	0.000908	-4.23294
0.00091	-4.28223	0.00091	-3.7936
0.000912	-3.83612	0.000912	-3.25828
0.000914	-3.29113	0.000914	-2.63727
0.000916	-2.66111	0.000916	-1.9496
0.000918	-1.96474	0.000918	-1.21393
0.00092	-1.21264	0.00092	-0.442186
0.000922	-0.432845	0.000922	0.334391
0.000924	0.350818	0.000924	1.10034
0.000926	1.12997	0.000926	1.84503
0.000928	1.88336	0.000928	2.53658
0.00093	2.58329	0.00093	3.16114
0.000932	3.21171	0.000932	3.70131
0.000934	3.75928	0.000934	4.14484
0.000936	4.20475	0.000936	4.4779
0.000938	4.54136	0.000938	4.69081
0.00094	4.75556	0.00094	4.78004
0.000942	4.84671	0.000942	4.7446
0.000944	4.80613	0.000944	4.58323
0.000946	4.64024	0.000946	4.30139
0.000948	4.35196	0.000948	3.90552
0.00095	3.94868	0.00095	3.404
0.000952	3.43815	0.000952	2.81681
0.000954	2.84355	0.000954	2.15328
0.000956	2.16391	0.000956	1.43114
0.000958	1.43339	0.000958	0.66744
0.00096	0.662287	0.00096	-0.107205
0.000962	-0.122021	0.000962	-0.878305
0.000964	-0.908904	0.000964	-1.63394
0.000966	-1.67002	0.000966	-2.34417
0.000968	-2.39248	0.000968	-2.99448
0.00097	-3.05117	0.00097	-3.56814
0.000972	-3.6303	0.000972	-4.05096
0.000974	-4.11957	0.000974	-4.42685
0.000976	-4.49803	0.000976	-4.68904
0.000978	-4.75925	0.000978	-4.8285
0.00098	-4.89872	0.00098	-4.84139
0.000982	-4.91128	0.000982	-4.72833
0.000984	-4.78953	0.000984	-4.49062
0.000986	-4.54763	0.000986	-4.13503
0.000988	-4.18463	0.000988	-3.67217
0.00099	-3.7134	0.00099	-3.11752
0.000992	-3.14748	0.000992	-2.47913
0.000994	-2.50038	0.000994	-1.7747
0.000996	-1.78662	0.000996	-1.02711
0.000998	-1.03291	0.000998	-0.257302
0.001	-0.244096	0.001	0.519275
0.001002	0.541178	0.001002	1.28587
0.001004	1.31711	0.001004	2.01446
0.001006	2.05247	0.001006	2.69377
0.001008	2.74176	0.001008	3.30029
0.00101	3.35408	0.00101	3.81565
0.001012	3.87653	0.001012	4.23278
0.001014	4.29881	0.001014	4.542
0.001016	4.60288	0.001016	4.7227
0.001018	4.78777	0.001018	4.78583
0.00102	4.848	0.00102	4.71948
0.001022	4.77746	0.001022	4.52686
0.001024	4.58162	0.001024	4.21506
0.001026	4.26467	0.001026	3.79149
0.001028	3.83433	0.001028	3.27355
0.00103	3.30286	0.00103	2.66188
0.001032	2.68539	0.001032	1.98193
0.001034	1.99223	0.001034	1.25076
0.001036	1.25205	0.001036	0.484167
0.001038	0.471283	0.001038	-0.296598
0.00104	-0.312703	0.00104	-1.06351
0.001042	-1.0954	0.001042	-1.80627
0.001044	-1.84814	0.001044	-2.50683
0.001046	-2.55643	0.001046	-3.14361
0.001048	-3.19547	0.001048	-3.69246
0.00105	-3.75399	0.00105	-4.15081
0.001052	-4.21942	0.001052	-4.49996
0.001054	-4.56889	0.001054	-4.73252
0.001056	-4.8037	0.001056	-4.843
0.001058	-4.91064	0.001058	-4.82883
0.00106	-4.89196	0.00106	-4.68259
0.001062	-4.74283	0.001062	-4.41557
0.001064	-4.47097	0.001064	-4.03453
0.001066	-4.08317	0.001066	-3.54591
0.001068	-3.58875	0.001068	-2.96871
0.00107	-3.00221	0.00107	-2.31518
0.001072	-2.33354	0.001072	-1.59948
0.001074	-1.6085	0.001074	-0.843841
0.001076	-0.839975	0.001076	-0.0672645
0.001078	-0.0537365	0.001078	0.704482
0.00108	0.728961	0.00108	1.46367
0.001082	1.49878	0.001082	2.18324
0.001084	2.22833	0.001084	2.84548
0.001086	2.89412	0.001086	3.43267
0.001088	3.48872	0.001088	3.92581
0.00109	3.98637	0.00109	4.31717
0.001092	4.38127	0.001092	4.59482
0.001094	4.66086	0.001094	4.74976
0.001096	4.81289	0.001096	4.78197
0.001098	4.84156	0.001098	4.68244
0.0011	4.74203	0.0011	4.46437
0.001102	4.51752	0.001102	4.12648
0.001104	4.16997	0.001104	3.67554
0.001106	3.71516	0.001106	3.13408
0.001108	3.16275	0.001108	2.50566
0.00111	2.52338	0.00111	1.81186
0.001112	1.81927	0.001112	1.06877
0.001114	1.06523	0.001114	0.297994
0.001116	0.285754	0.001116	-0.476328
0.001118	-0.500807	0.001118	-1.24485
0.00112	-1.27867	0.00112	-1.98084
0.001122	-2.02465	0.001122	-2.66401
0.001124	-2.71458	0.001124	-3.28437
0.001126	-3.34106	0.001126	-3.81808
0.001128	-3.87413	0.001128	-4.24454
0.00113	-4.31154	0.00113	-4.56793
0.001132	-4.63653	0.001132	-4.77214
0.001134	-4.84074	0.001134	-4.85459
0.001136	-4.91579	0.001136	-4.80338
0.001138	-4.86844	0.001138	-4.62945
0.00114	-4.68839	0.00114	-4.33666
0.001142	-4.38594	0.001142	-3.92727
0.001144	-3.97237	0.001144	-3.41675
0.001146	-3.45218	0.001146	-2.81894
0.001148	-2.84793	0.001148	-2.14672
0.00115	-2.16347	0.00115	-1.42168
0.001152	-1.42812	0.001152	-0.659923
0.001154	-0.653159	0.001154	0.119552
0.001156	0.131792	0.001156	0.890654
0.001158	0.918033	0.001158	1.64372
0.00116	1.67722	0.00116	2.34815
0.001162	2.39486	0.001162	2.9959
0.001164	3.04647	0.001164	3.55797
0.001166	3.61659	0.001166	4.03243
0.001168	4.09331	0.001168	4.39705
0.00117	4.46212	0.00117	4.64217
0.001172	4.70724	0.001172	4.76554
0.001174	4.83479	0.001174	4.76876
0.001176	4.82932	0.001176	4.63928
0.001178	4.69983	0.001178	4.38964
0.00118	4.44376	0.00118	4.02566
0.001182	4.07012	0.001182	3.557
0.001184	3.59211	0.001184	2.98914
0.001186	3.01201	0.001186	2.34364
0.001188	2.35878	0.001188	1.63696
0.00119	1.64211	0.00119	0.884212
0.001192	0.878415	0.001192	0.109889
0.001194	0.0921737	0.001194	-0.665721
0.001196	-0.689878	0.001196	-1.42587
0.001198	-1.46194	0.001198	-2.14898
0.0012	-2.19858	0.0012	-2.82087
0.001202	-2.87369	0.001202	-3.41546
0.001204	-3.47569	0.001204	-3.92373
0.001206	-3.99169	0.001206	-4.33602
0.001208	-4.40333	0.001208	-4.62848
0.00121	-4.69741	0.00121	-4.80338
0.001212	-4.87231	0.001212	-4.84944
0.001214	-4.91998	0.001214	-4.77439
0.001216	-4.83559	0.001216	-4.57018
0.001218	-4.62719	0.001218	-4.24615
0.00122	-4.29801	0.00122	-3.81583
0.001222	-3.85384	0.001222	-3.28082
0.001224	-3.31432	0.001224	-2.6653
0.001226	-2.68978	0.001226	-1.97891
0.001228	-1.99147	0.001228	-1.2426
0.00123	-1.24131	0.00123	-0.473107
0.001232	-0.466665	0.001232	0.304114
0.001234	0.320541	0.001234	1.07296
0.001236	1.10324	0.001236	1.8183
0.001238	1.85437	0.001238	2.51049
0.00124	2.55527	0.00124	3.13795
0.001242	3.19142	0.001242	3.68456
0.001244	3.74157	0.001244	4.12648
0.001246	4.19026	0.001246	4.46888
0.001248	4.5304	0.001248	4.68373
0.00125	4.75072	0.00125	4.78068
0.001252	4.84639	0.001252	4.74783
0.001254	4.81031	0.001254	4.59225
0.001256	4.64926	0.001256	4.31363
0.001258	4.3671	0.001258	3.92291
0.00126	3.96382	0.00126	3.42784
0.001262	3.45973	0.001262	2.84161
0.001264	2.8648	0.001264	2.18002
0.001266	2.19226	0.001266	1.4598
0.001268	1.46367	0.001268	0.69804
0.00127	0.692242	0.00127	-0.0791822
0.001272	-0.0933544	0.001272	-0.84996
0.001274	-0.878305	0.001274	-1.60367
0.001276	-1.6449	0.001276	-2.31647
0.001278	-2.36253	0.001278	-2.97483
0.00128	-3.03056	0.00128	-3.54881
0.001282	-3.61226	0.001282	-4.03131
0.001284	-4.10056	0.001284	-4.41622
0.001286	-4.48515	0.001286	-4.68098
0.001288	-4.75249	0.001288	-4.82593
0.00129	-4.89711	0.00129	-4.84139
0.001292	-4.91064	0.001292	-4.73896
0.001294	-4.7979	0.001294	-4.50222
0.001296	-4.55923	0.001296	-4.15242
0.001298	-4.19977	0.001298	-3.69375
0.0013	-3.73273	0.0013	-3.14168
0.001302	-3.1726	0.001302	-2.50586
0.001304	-2.52712	0.001304	-1.80465
0.001306	-1.81625	0.001306	-1.05868
0.001308	-1.06061	0.001308	-0.284036
0.00131	-0.273407	0.00131	0.48932
0.001312	0.513477	0.001312	1.25591
0.001314	1.28941	0.001314	1.9874
0.001316	2.02734	0.001316	2.66897
0.001318	2.71728	0.001318	3.27999
0.00132	3.33218	0.00132	3.79697
0.001322	3.85978	0.001322	4.22215
0.001324	4.28593	0.001324	4.53362
0.001326	4.59354	0.001326	4.72045
0.001328	4.78358	0.001328	4.78583
0.00133	4.84929	0.00133	4.72206
0.001332	4.78358	0.001332	4.53813
0.001334	4.58903	0.001334	4.2331
0.001336	4.27852	0.001336	3.81243
0.001338	3.85398	0.001338	3.29513
0.00134	3.32573	0.00134	2.68668
0.001342	2.71084	0.001342	2.00898
0.001344	2.02316	0.001344	1.27943
0.001346	1.28072	0.001346	0.513477
0.001348	0.500916	0.001348	-0.266643
0.00135	-0.282426	0.00135	-1.03162
0.001352	-1.06448	0.001352	-1.7805
0.001354	-1.81947	0.001354	-2.48138
0.001356	-2.53098	0.001356	-3.11817
0.001358	-3.17196	0.001358	-3.67475
0.00136	-3.73402	0.00136	-4.13567
0.001362	-4.20267	0.001362	-4.48933
0.001364	-4.55859	0.001364	-4.72865
0.001366	-4.79501	0.001366	-4.83913
0.001368	-4.90871	0.001368	-4.82947
0.00137	-4.89711	0.00137	-4.68807
0.001372	-4.75023	0.001372	-4.42653
0.001374	-4.4845	0.001374	-4.05225
0.001376	-4.09766	0.001376	-3.56491
0.001378	-3.60711	0.001378	-2.99094
0.00138	-3.02637	0.00138	-2.34288
0.001382	-2.36478	0.001382	-1.62815
0.001384	-1.63684	0.001384	-0.872185
0.001386	-0.870253	0.001386	-0.0997964
0.001388	-0.0833694	0.001388	0.673882
0.00139	0.697395	0.00139	1.43629
0.001392	1.47172	0.001392	2.15876
0.001394	2.19902	0.001394	2.82164
0.001396	2.87221	0.001396	3.41173
0.001398	3.46907	0.001398	3.911
0.0014	3.97026	0.0014	4.30203
0.001402	4.37096	0.001402	4.58613
0.001404	4.65216	0.001404	4.74654
0.001406	4.81418	0.001406	4.78551
0.001408	4.84317	0.001408	4.6892
0.00141	4.74718	0.00141	4.47242
0.001412	4.52783	0.001412	4.13743
0.001414	4.18607	0.001414	3.69486
0.001416	3.7348	0.001416	3.15695
0.001418	3.18755	0.001418	2.53401
0.00142	2.55301	0.00142	1.83666
0.001422	1.84761	0.001422	1.0997
0.001424	1.09776	0.001424	0.327949
0.001426	0.314421	0.001426	-0.449916
0.001428	-0.471819	0.001428	-1.21747
0.00143	-1.24775	0.00143	-1.95379
0.001432	-1.99469	0.001432	-2.63921
0.001434	-2.69203	0.001434	-3.26182
0.001436	-3.31754	0.001436	-3.79489
0.001438	-3.85802	0.001438	-4.23069
0.00144	-4.30091	0.00144	-4.55923
0.001442	-4.62848	0.001442	-4.76505
0.001444	-4.83398	0.001444	-4.85137
0.001446	-4.92062	0.001446	-4.80757
0.001448	-4.87102	0.001448	-4.64008
0.00145	-4.69902	0.00145	-4.34954
0.001452	-4.40044	0.001452	-3.94306
0.001454	-3.99137	0.001454	-3.43865
0.001456	-3.47666	0.001456	-2.84309
0.001458	-2.87047	0.001458	-2.17442
0.00146	-2.19471	0.00146	-1.45325
0.001462	-1.45905	0.001462	-0.690845
0.001464	-0.683114	0.001464	0.0918516
0.001466	0.0989377	0.001466	0.86231
0.001468	0.884857	0.001468	1.61312
0.00147	1.64823	0.00147	2.32367
0.001472	2.36877	0.001472	2.97174
0.001474	3.02263	0.001474	3.538
0.001476	3.59501	0.001476	4.01407
0.001478	4.07591	0.001478	4.38385
0.00148	4.44956	0.00148	4.63573
0.001482	4.70112	0.001482	4.76747
0.001484	4.82964	0.001484	4.77359
0.001486	4.83028	0.001486	4.65087
0.001488	4.70627	0.001488	4.40221
0.00149	4.45535	0.00149	4.04177
0.001492	4.08525	0.001492	3.57504
0.001494	3.61015	0.001494	3.01297
0.001496	3.03938	0.001496	2.36877
0.001498	2.38842	0.001498	1.66401
0.0015	1.67142	0.0015	0.915134
0.001502	0.906437	0.001502	0.138556
0.001504	0.123739	0.001504	-0.637054
0.001506	-0.659923	0.001506	-1.39591
0.001508	-1.43199	0.001508	-2.1245
0.00151	-2.17056	0.00151	-2.79542
0.001512	-2.84889	0.001512	-3.39646
0.001514	-3.45605	0.001514	-3.90569
0.001516	-3.9714	0.001516	-4.32088
0.001518	-4.38884	0.001518	-4.62011
0.00152	-4.69032	0.00152	-4.79984
0.001522	-4.86812	0.001522	-4.85105
0.001524	-4.91901	0.001524	-4.77858
0.001526	-4.84203	0.001526	-4.58113
0.001528	-4.63686	0.001528	-4.2629
0.00153	-4.31089	0.00153	-3.83032
0.001532	-3.87316	0.001532	-3.30273
0.001534	-3.33558	0.001534	-2.69139
0.001536	-2.71554	0.001536	-2.00725
0.001538	-2.01917	0.001538	-1.2674
0.00154	-1.27223	0.00154	-0.503062
0.001542	-0.495654	0.001542	0.278024
0.001544	0.290264	0.001544	1.04623
0.001546	1.07522	0.001546	1.78995
0.001548	1.827	0.001548	2.48344
0.00155	2.53079	0.00155	3.11443
0.001552	3.1679	0.001552	3.66265
0.001554	3.72385	0.001554	4.11102
0.001556	4.17544	0.001556	4.45568
0.001558	4.5201	0.001558	4.67728
0.00156	4.74299	0.00156	4.77907
0.001562	4.84607	0.001562	4.75556
0.001564	4.81547	0.001564	4.6003
0.001566	4.65828	0.001566	4.32748
0.001568	4.37805	0.001568	3.93902
0.00157	3.97993	0.00157	3.44749
0.001572	3.48195	0.001572	2.86609
0.001574	2.89218	0.001574	2.20579
0.001576	2.21931	0.001576	1.48815
0.001578	1.49008	0.001578	0.729605
0.00158	0.723485	0.00158	-0.048905
0.001582	-0.0643657	0.001582	-0.823226
0.001584	-0.847706	0.001584	-1.57564
0.001586	-1.61462	0.001586	-2.29102
0.001588	-2.3374	0.001588	-2.9481
0.00159	-3.0035	0.00159	-3.52819
0.001592	-3.58972	0.001592	-4.01811
0.001594	-4.08349	0.001594	-4.40398
0.001596	-4.47259	0.001596	-4.67325
0.001598	-4.74476	0.001598	-4.82142
0.0016	-4.89357	0.0016	-4.84622
0.001602	-4.91032	0.001602	-4.73928
0.001604	-4.8066	0.001604	-4.51446
0.001606	-4.56857	0.001606	-4.16724
0.001608	-4.21652	0.001608	-3.71308
0.00161	-3.75205	0.00161	-3.16326
0.001612	-3.19354	0.001612	-2.53259
0.001614	-2.55095	0.001614	-1.83429
0.001616	-1.84556	0.001616	-1.09057
0.001618	-1.08799	0.001618	-0.313025
0.00162	-0.303684	0.00162	0.459687
0.001622	0.481268	0.001622	1.22499
0.001624	1.2572	0.001624	1.96131
0.001626	2.00254	0.001626	2.64384
0.001628	2.69312	0.001628	3.25519
0.00163	3.30995	0.00163	3.77958
0.001632	3.84174	0.001632	4.20572
0.001634	4.27079	0.001634	4.51849
0.001636	4.58097	0.001636	4.71304
0.001638	4.78004	0.001638	4.78326
0.00164	4.848	0.00164	4.72463
0.001642	4.78777	0.001642	4.54651
0.001644	4.6003	0.001644	4.24051
0.001646	4.29205	0.001646	3.82918
0.001648	3.87234	0.001648	3.31349
0.00165	3.34667	0.00165	2.71277
0.001652	2.73435	0.001652	2.03958
0.001654	2.0486	0.001654	1.30809
0.001656	1.30938	0.001656	0.542466
0.001658	0.534092	0.001658	-0.233467
0.00166	-0.251504	0.00166	-1.00489
0.001662	-1.03517	0.001662	-1.75151
0.001664	-1.7937	0.001664	-2.45626
0.001666	-2.50328	0.001666	-3.09626
0.001668	-3.1507	0.001668	-3.65478
0.00167	-3.71533	0.00167	-4.12214
0.001672	-4.18817	0.001672	-4.47581
0.001674	-4.54635	0.001674	-4.72125
0.001676	-4.79082	0.001676	-4.83978
0.001678	-4.90935	0.001678	-4.83398
0.00168	-4.89872	0.00168	-4.69773
0.001682	-4.75861	0.001682	-4.44005
0.001684	-4.49706	0.001684	-4.06964
0.001686	-4.11473	0.001686	-3.58649
0.001688	-3.62772	0.001688	-3.0167
0.00169	-3.05246	0.00169	-2.36961
0.001692	-2.3899	0.001692	-1.65585
0.001694	-1.66487	0.001694	-0.902462
0.001696	-0.903751	0.001696	-0.130074
0.001698	-0.111714	0.001698	0.647148
0.0017	0.671305	0.0017	1.40698
0.001702	1.44177	0.001702	2.13138
0.001704	2.17132	0.001704	2.80038
0.001706	2.85031	0.001706	3.3908
0.001708	3.44684	0.001708	3.89296
0.00171	3.9519	0.00171	4.28947
0.001712	4.35647	0.001712	4.57711
0.001714	4.64314	0.001714	4.74332
0.001716	4.80774	0.001716	4.78068
0.001718	4.84768	0.001718	4.69436
0.00172	4.75362	0.00172	4.48402
0.001722	4.53685	0.001722	4.15644
0.001724	4.19896	0.001724	3.71258
0.001726	3.75381	0.001726	3.17918
0.001728	3.20817	0.001728	2.55655
0.00173	2.57395	0.00173	1.86468
0.001732	1.87596	0.001732	1.1274
0.001734	1.12611	0.001734	0.357582
0.001736	0.342766	0.001736	-0.424792
0.001738	-0.442186	0.001738	-1.18623
0.00174	-1.21876	0.00174	-1.92415
0.001742	-1.96828	0.001742	-2.61634
0.001744	-2.66852	0.001744	-3.23927
0.001746	-3.2921	0.001746	-3.77363
0.001748	-3.83709	0.001748	-4.21555
0.00175	-4.28351	0.00175	-4.54892
0.001752	-4.61785	0.001752	-4.75861
0.001754	-4.83011	0.001754	-4.84847
0.001756	-4.91869	0.001756	-4.80886
0.001758	-4.87811	0.001758	-4.6462
0.00176	-4.70546	0.00176	-4.36082
0.001762	-4.41268	0.001762	-3.96045
0.001764	-4.01005	0.001764	-3.45798
0.001766	-3.49888	0.001766	-2.86757
0.001768	-2.89817	0.001768	-2.19922
0.00177	-2.22048	0.00177	-1.48191
0.001772	-1.48546	0.001772	-0.718223
0.001774	-0.713069	0.001774	0.0599639
0.001776	0.0709152	0.001776	0.832032
0.001778	0.855546	0.001778	1.58639
0.00178	1.62085	0.00178	2.29758
0.001782	2.34203	0.001782	2.94952
0.001784	2.99944	0.001784	3.52093
0.001786	3.57826	0.001786	3.99861
0.001788	4.05916	0.001788	4.37096
0.00179	4.4357	0.00179	4.62865
0.001792	4.69339	0.001792	4.76329
0.001794	4.82803	0.001794	4.77263
0.001796	4.83415	0.001796	4.65441
0.001798	4.714	0.001798	4.41412
0.0018	4.46792	0.0018	4.05852
0.001802	4.10329	0.001802	3.5934
0.001804	3.6298	0.001804	3.03326
0.001806	3.06419	0.001806	2.39583
0.001808	2.41451	0.001808	1.69139
0.00181	1.69751	0.00181	0.943156
0.001812	0.937681	0.001812	0.170121
0.001814	0.157559	0.001814	-0.603878
0.001816	-0.627069	0.001816	-1.36918
0.001818	-1.40236	0.001818	-2.09712
0.00182	-2.14318	0.00182	-2.77094
0.001822	-2.82731	0.001822	-3.37166
0.001824	-3.43511	0.001824	-3.89152
0.001826	-3.95755	0.001826	-4.30767
0.001828	-4.37112	0.001828	-4.6098
0.00183	-4.68034	0.00183	-4.79468
0.001832	-4.86232	0.001832	-4.85105
0.001834	-4.91998	0.001834	-4.78212
0.001836	-4.84429	0.001836	-4.58564
0.001838	-4.65071	0.001838	-4.27611
0.00184	-4.32829	0.00184	-3.84997
0.001842	-3.89313	0.001842	-3.32431
0.001844	-3.36103	0.001844	-2.71458
0.001846	-2.74099	0.001846	-2.03334
0.001848	-2.04526	0.001848	-1.29929
0.00185	-1.30347	0.00185	-0.533661
0.001852	-0.526253	0.001852	0.247747
0.001854	0.261275	0.001854	1.01659
0.001856	1.04591	0.001856	1.76129
0.001858	1.79962	0.001858	2.45831
0.00186	2.50824	0.00186	3.0935
0.001862	3.14632	0.001862	3.643
0.001864	3.70453	0.001864	4.09556
0.001866	4.15902	0.001866	4.44505
0.001868	4.5085	0.001868	4.67277
0.00187	4.73623	0.00187	4.7781
0.001872	4.83866	0.001872	4.76007
0.001874	4.81515	0.001874	4.60803
0.001876	4.66633	0.001876	4.34068
0.001878	4.39158	0.001878	3.95512
0.00188	3.99635	0.00188	3.46778
0.001882	3.50386	0.001882	2.88993
0.001884	2.91344	0.001884	2.23027
0.001886	2.24476	0.001886	1.51585
0.001888	1.52132	0.001888	0.75956
0.00189	0.75183	0.00189	-0.0186278
0.001892	-0.0344106	0.001892	-0.790695
0.001894	-0.818073	0.001894	-1.54472
0.001896	-1.5837	0.001896	-2.26493
0.001898	-2.31357	0.001898	-2.92684
0.0019	-2.98095	0.0019	-3.50629
0.001902	-3.56749	0.001902	-3.99685
0.001904	-4.06739	0.001904	-4.39109
0.001906	-4.4568	0.001906	-4.66488
0.001908	-4.73059	0.001908	-4.81723
0.00191	-4.88745	0.00191	-4.84847
0.001912	-4.91161	0.001912	-4.74798
0.001914	-4.8095	0.001914	-4.52315
0.001916	-4.58049	0.001916	-4.1827
0.001918	-4.23133	0.001918	-3.73563
0.00192	-3.77299	0.00192	-3.18452
0.001922	-3.21576	0.001922	-2.55417
0.001924	-2.57769	0.001924	-1.86006
0.001926	-1.8723	0.001926	-1.11698
0.001928	-1.11569	0.001928	-0.343624
0.00193	-0.334605	0.00193	0.430054
0.001932	0.447769	0.001932	1.19761
0.001934	1.22886	0.001934	1.93458
0.001936	1.97516	0.001936	2.6184
0.001938	2.668	0.001938	3.23168
0.00194	3.28805	0.00194	3.76412
0.001942	3.82242	0.001942	4.19155
0.001944	4.25565	0.001944	4.51011
0.001946	4.5755	0.001946	4.70982
0.001948	4.77488	0.001948	4.78165
0.00195	4.84768	0.00195	4.73043
0.001952	4.79356	0.001952	4.55456
0.001954	4.60964	0.001954	4.25919
0.001956	4.30751	0.001956	3.84851
0.001958	3.88941	0.001958	3.33507
0.00196	3.36761	0.00196	2.73854
0.001962	2.75948	0.001962	2.06632
0.001964	2.07534	0.001964	1.33741
0.001966	1.33741	0.001966	0.57371
0.001968	0.564369	0.001968	-0.204156
0.00197	-0.221871	0.00197	-0.974612
0.001972	-1.00457	0.001972	-1.72542
0.001974	-1.76568	0.001974	-2.42952
0.001976	-2.47784	0.001976	-3.07178
0.001978	-3.12815	0.001978	-3.63545
0.00198	-3.69536	0.00198	-4.10411
0.001982	-4.1711	0.001982	-4.46679
0.001984	-4.53572	0.001984	-4.7119
0.001986	-4.78148	0.001986	-4.83881
0.001988	-4.9071	0.001988	-4.83269
0.00199	-4.90001	0.00199	-4.70353
0.001992	-4.76634	0.001992	-4.45133
0.001994	-4.50576	0.001994	-4.0851
0.001996	-4.13052	0.001996	-3.60775
0.001998	-3.64705	0.001998	-3.04183
