200.198	4.91022
200.202	4.91026
200.204	4.91008
300.063	4.9122
300.065	4.91206
300.066	4.91236
300.062	4.91226
399.913	4.90932
399.913	4.90911
399.914	4.9091
499.938	4.9051
499.938	4.90502
499.939	4.90501
599.964	4.89935
599.964	4.89953
599.964	4.89933
699.986	4.89213
699.987	4.89189
699.986	4.89179
699.985	4.89189
800.012	4.88236
800.013	4.8823
800.014	4.88242
900.04	4.86986
900.037	4.86995
900.038	4.86981
1000.06	4.85344
1000.06	4.85348
1000.06	4.85348
1000.06	4.85328
1100.09	4.83033
1100.09	4.83005
1100.09	4.83012
1199.93	4.7984
1199.93	4.79814
1199.93	4.79819
1299.95	4.75218
1299.95	4.75222
1299.95	4.75216
1299.95	4.75199
1399.98	4.68425
1399.97	4.68429
1399.98	4.68413
1500	4.58291
1500	4.58242
1500	4.58207
1600.02	4.43579
1600.02	4.43488
1600.02	4.43464
1600.02	4.43466
1700.06	4.25461
1700.06	4.2543
1700.06	4.25429
1800.07	4.13249
1800.07	4.1328
1800.07	4.13272
1900.08	4.18402
1900.08	4.18416
1900.08	4.18411
1999.95	4.35922
1999.95	4.35806
1999.95	4.358
1999.95	4.35784
2099.97	4.53523
2099.97	4.53446
2099.97	4.53434
2199.99	4.66648
2199.99	4.66573
2199.99	4.66556
2300.02	4.75517
2300.02	4.75496
2300.01	4.75478
2400.04	4.81439
2400.04	4.81402
2400.04	4.81421
2400.04	4.81377
2500.06	4.85452
2500.06	4.85425
2500.07	4.8541
2600.09	4.882
2600.09	4.88181
2600.09	4.88171
2700.11	4.90148
2700.11	4.90138
2700.11	4.90152
2700.11	4.90135
2799.95	4.91552
2799.95	4.91564
2799.95	4.91572
2899.98	4.92606
2899.98	4.92597
2899.98	4.92618
3000	4.93419
3000	4.93419
3000	4.93414
3100.03	4.94038
3100.03	4.94057
3100.03	4.94046
3100.03	4.9405
3200.05	4.94574
3200.05	4.94544
3200.05	4.94543
3300.08	4.94922
3300.08	4.94938
3300.08	4.94932
3400.1	4.95241
3400.1	4.95241
3400.1	4.95248
3400.52	4.95369
3499.94	4.95482
3499.94	4.95498
3499.94	4.95506
3599.97	4.95708
3599.97	4.95691
3599.96	4.95678
3699.99	4.95881
3699.99	4.95864
3699.99	4.9587
3800.02	4.96034
3800.01	4.96012
3800.01	4.96018
3800.02	4.96029
3900.04	4.96132
3900.04	4.96152
3900.04	4.96122
4000.07	4.96255
4000.07	4.96267
4000.07	4.96247
4100.09	4.96317
4100.09	4.96332
4100.09	4.96328
4100.09	4.96308
4200.11	4.96388
4200.11	4.96399
4200.11	4.96394
4299.95	4.96462
4299.95	4.96463
4299.95	4.96455
4399.98	4.96499
4399.98	4.96489
4399.98	4.96495
4399.98	4.96505
4500	4.96555
4500	4.96539
4500	4.96545
4600.03	4.96596
4600.03	4.96588
4600.03	4.96584
4700.05	4.9661
4700.05	4.96611
4700.05	4.96608
4700.05	4.96629
4800.08	4.96646
4800.08	4.96638
4800.08	4.96622
4900.1	4.9667
4900.1	4.96661
4900.1	4.96679
5000.13	4.96703
5000.13	4.96697
5000.13	4.96696
5000.13	4.96706
5099.97	4.96686
5099.97	4.96709
5099.97	4.96712
5199.99	4.96718
5199.99	4.96726
5199.99	4.96722
5300.02	4.96726
5300.01	4.96696
5300.01	4.96703
5300.01	4.96718
5400.04	4.96736
5400.04	4.9672
5400.04	4.96745
5500.07	4.96728
5500.07	4.96726
5500.07	4.9674
5600.09	4.96727
5600.09	4.96734
5600.09	4.96728
5600.09	4.96726
5700.12	4.96741
5700.12	4.96741
5700.12	4.96717
5800.14	4.9674
5800.14	4.96719
5800.14	4.96731
5899.98	4.96705
5899.98	4.96724
5899.98	4.96726
6000	4.96744
6000.01	4.96737
6000.01	4.9673
6000	4.96728
6100.03	4.96716
6100.03	4.96724
6100.03	4.96735
6200.05	4.96734
6200.05	4.96745
6200.05	4.96713
6300.08	4.96725
6300.08	4.96718
6300.08	4.96712
6300.08	4.9671
6400.1	4.96706
6400.1	4.96716
6400.1	4.96715
6500.13	4.96693
6500.13	4.96718
6500.13	4.96703
6599.97	4.96719
6599.97	4.96694
6599.97	4.96704
6699.99	4.96694
6699.99	4.9669
6699.99	4.96691
6699.99	4.96674
6800.02	4.96653
6800.02	4.96658
6800.02	4.9668
6900.04	4.96662
6900.04	4.96655
6900.04	4.96656
7000.07	4.96637
7000.07	4.9664
7000.07	4.96647
7000.07	4.96634
7100.09	4.96621
7100.09	4.96636
7100.09	4.96621
7200.12	4.96611
7200.12	4.96597
7200.12	4.96606
7300.14	4.96598
7300.14	4.96604
7300.14	4.96595
7399.98	4.96573
7399.98	4.96573
7399.98	4.96593
7399.98	4.96572
7500.01	4.96521
7500	4.96527
7500	4.96507
7600.03	4.96508
7600.03	4.96493
7600.03	4.96504
7700.06	4.96471
7700.06	4.96465
7700.06	4.96473
7700.05	4.96483
7800.08	4.96443
7800.08	4.9644
7800.08	4.96454
7900.11	4.96417
7900.11	4.96417
7900.11	4.96422
8000.13	4.96368
8000.13	4.96362
8000.13	4.96358
8100.16	4.9633
8100.16	4.9633
8100.15	4.96342
8100.16	4.96328
8199.99	4.96312
8199.99	4.9629
8199.99	4.96303
8300.02	4.96243
8300.02	4.96245
8300.02	4.96238
8400.04	4.9619
8400.04	4.96186
8400.04	4.96179
8400.04	4.9618
8500.07	4.96109
8500.07	4.9614
8500.07	4.96158
8600.09	4.96069
8600.09	4.96074
8600.09	4.96078
8700.12	4.96011
8700.12	4.96004
8700.12	4.96014
8759.55	4.9674
8800.14	4.95921
8800.14	4.95919
8800.14	4.95904
8900.17	4.95809
8900.17	4.95836
8900.17	4.95832
9000.01	4.95701
9000.01	4.95716
9000.01	4.95717
9100.03	4.9566
9100.03	4.95616
9100.03	4.9559
9100.03	4.95585
9200.06	4.95442
9200.06	4.95444
9200.06	4.95454
9300.08	4.95283
9300.08	4.95273
9300.08	4.95277
9400.11	4.95076
9400.11	4.95074
9400.11	4.95062
9400.11	4.95086
9500.13	4.9484
9500.13	4.9484
9500.13	4.94832
9600.16	4.94559
9600.16	4.94575
9600.16	4.94553
9699.99	4.94242
9699.99	4.94238
9700	4.94224
9800.02	4.93829
9800.02	4.93851
9800.02	4.93843
9800.02	4.93841
9900.04	4.93376
9900.04	4.93354
9900.04	4.93355
10000.1	4.92758
10000.1	4.9276
10000.1	4.92798
10100.1	4.92045
10100.1	4.92048
10100.1	4.92051
10105.1	4.91672
10200.1	4.91118
10200.1	4.91132
10200.1	4.91138
10300.1	4.89916
10300.1	4.8992
10300.1	4.8991
10400.2	4.88378
10400.2	4.88397
10400.2	4.88386
10500	4.86509
10500	4.865
10500	4.86487
10500	4.86473
10600	4.84315
10600	4.84297
10600	4.84292
10700.1	4.82045
10700.1	4.82047
10700.1	4.82057
10800.1	4.80277
10800.1	4.80283
10800.1	4.80308
10800.1	4.80333
10900.1	4.79572
10900.1	4.79543
10900.1	4.79532
11000.1	4.80026
11000.1	4.80035
11000.1	4.80033
11000.1	4.80036
11100.2	4.81547
11100.2	4.81539
11100.2	4.81559
11200.2	4.83603
11200.2	4.8359
11200.2	4.83544
11300	4.85641
11300	4.85629
11300	4.8564
11300	4.85641
11400	4.87519
11400	4.87514
11400	4.87517
11500.1	4.89097
11500.1	4.89092
11500.1	4.89102
11600.1	4.90383
11600.1	4.90394
11600.1	4.9039
11700.1	4.91406
11700.1	4.91381
11700.1	4.91398
11700.1	4.91387
11800.1	4.92236
11800.1	4.9222
11800.1	4.92214
11900.2	4.929
11900.2	4.92894
11900.2	4.9287
12000.2	4.93403
12000.2	4.93411
12000.2	4.93397
12000.2	4.93402
12100	4.93822
12100	4.93817
12100	4.93817
12200.1	4.94171
12200.1	4.94169
12200.1	4.94177
12300.1	4.94465
12300.1	4.94462
12300.1	4.94462
12400.1	4.9471
12400.1	4.94688
12400.1	4.94708
12400.1	4.94713
12500.1	4.94901
12500.1	4.94919
12500.1	4.94916
12600.2	4.95089
12600.2	4.95081
12600.2	4.95092
12700.2	4.95228
12700.2	4.95259
12700.2	4.95228
12700.2	4.95245
12800	4.95351
12800	4.95376
12800	4.95355
12900	4.9548
12900	4.95483
12900	4.95482
13000.1	4.95559
13000.1	4.95573
13000.1	4.95552
13100.1	4.95659
13100.1	4.95658
13100.1	4.9565
13100.1	4.9565
13200.1	4.95721
13200.1	4.95724
13200.1	4.9572
13300.1	4.95775
13300.1	4.95778
13300.1	4.95784
13400.2	4.95829
13400.2	4.9583
13400.2	4.95834
13400.2	4.95842
13500.2	4.95868
13500.2	4.95884
13500.2	4.95877
13600	4.95918
13600	4.9594
13600	4.95928
13700.1	4.95967
13700.1	4.95964
13700.1	4.95966
13773.2	4.95977
13800.1	4.95999
13800.1	4.96002
13800.1	4.96012
13900.1	4.9604
13900.1	4.96034
13900.1	4.96034
14000.1	4.96049
14000.1	4.96054
14000.1	4.96054
14100.2	4.96084
14100.2	4.96074
14100.2	4.96081
14100.2	4.96092
14200.2	4.96109
14200.2	4.96117
14200.2	4.96128
14300.2	4.96124
14300.2	4.96141
14300.2	4.96144
14400	4.96179
14400	4.96154
14400	4.96157
14400	4.96148
14500.1	4.96164
14500.1	4.96166
14500.1	4.96174
14600.1	4.96202
14600.1	4.96192
14600.1	4.96199
14700.1	4.96199
14700.1	4.96197
14700.1	4.96201
14800.1	4.9622
14800.1	4.96232
14800.1	4.96211
14800.1	4.96235
14900.2	4.96219
14900.2	4.96199
14900.2	4.9623
15000.2	4.96227
15000.2	4.96221
15000.2	4.96217
